%YAML 1.0
---
calibration_time: "Tue Jan 24 16:18:37 2017"
nframes: 10
image_width: 640
image_height: 480
board_width: 9
board_height: 6
square_size: 2.6200000196695328e-02
aspectRatio: 1.
flags: 2
camera_matrix: !!opencv-matrix
   rows: 3
   cols: 3
   dt: d
   data: [ 5.3145015644297268e+02, 0., 3.3207469270669657e+02, 0.,
       5.3145015644297268e+02, 2.4534515683989292e+02, 0., 0., 1. ]
distortion_coefficients: !!opencv-matrix
   rows: 5
   cols: 1
   dt: d
   data: [ -1.8531563102943399e-01, 2.4219869039150077e-01,
       -4.6081946080422610e-03, 3.0445473126267083e-03,
       -7.1164804640385826e-02 ]
avg_reprojection_error: 2.1303517907923750e-01
per_view_reprojection_errors: !!opencv-matrix
   rows: 10
   cols: 1
   dt: f
   data: [ 1.26567647e-01, 1.89310953e-01, 2.05267578e-01,
       2.04037011e-01, 2.08160624e-01, 1.60300612e-01, 2.57831365e-01,
       3.59881788e-01, 1.39613211e-01, 1.83589458e-01 ]
extrinsic_parameters: !!opencv-matrix
   rows: 10
   cols: 6
   dt: d
   data: [ 2.4012825829293732e-02, 1.2292949898268131e-01,
       3.3423680605493257e-02, -1.3779350211652264e-01,
       -1.0825266726231399e-01, 6.1711403497058837e-01,
       9.5486557608293027e-02, 2.8556476927136403e-02,
       -1.6404518861486070e-01, -1.4193872014488607e-01,
       -2.6924334715795487e-02, 5.6599004407498987e-01,
       1.3562289130088800e-01, -7.1011067648247717e-02,
       9.8849936391187040e-02, -1.1166739240506297e-01,
       -1.0273415333607264e-01, 5.2350221415772002e-01,
       -3.6231148704865762e-01, -5.9857180128032568e-03,
       9.9891925293967052e-02, -1.3177609065219709e-01,
       -7.8141768697130340e-02, 5.4279711835148048e-01,
       1.8719812656740731e-01, -7.7975907530095742e-02,
       -3.0190795325916547e-01, -1.1889929128437042e-01,
       2.1493499622946475e-02, 5.0433300313529617e-01,
       2.0859573351166519e-01, -8.4064117861505250e-02,
       -1.0429324099317732e+00, -1.4964505763911176e-01,
       2.7414104191277093e-02, 5.2927145765562922e-01,
       2.7076773842642038e-01, -1.3483198486295775e-01,
       5.4496770725106725e-01, -6.2217376475828104e-02,
       -1.6813715729958170e-01, 4.9121211916174362e-01,
       -1.0106732641485111e-01, -1.2450561960618646e-01,
       1.0218221707627839e+00, -1.5384166294143169e-02,
       -8.6942232172720998e-02, 5.3309033160686914e-01,
       -6.2108958141862368e-02, -7.2112649523365144e-02,
       1.2633126283265586e-01, -1.2056240900088572e-01,
       -8.5489753214419373e-02, 6.2375487639449512e-01,
       -9.3935861947968533e-02, 2.5420209097218368e-02,
       -2.1159658728588760e-02, -1.2102925475654458e-01,
       -3.4182027978231250e-02, 4.4633125913215360e-01 ]
image_points: !!opencv-matrix
   rows: 10
   cols: 54
   dt: "2f"
   data: [ 2.15244553e+02, 1.53286942e+02, 2.36326172e+02,
       1.53328232e+02, 2.58147430e+02, 1.53386932e+02, 2.80155121e+02,
       1.53475174e+02, 3.02394226e+02, 1.53651276e+02, 3.25120300e+02,
       1.53969284e+02, 3.48222687e+02, 1.54345505e+02, 3.71372681e+02,
       1.54680679e+02, 3.94842834e+02, 1.55117020e+02, 2.14353775e+02,
       1.75473755e+02, 2.35553009e+02, 1.75580215e+02, 2.57222046e+02,
       1.75805893e+02, 2.79354675e+02, 1.76226959e+02, 3.01623962e+02,
       1.76430405e+02, 3.24428802e+02, 1.76902939e+02, 3.47521576e+02,
       1.77434830e+02, 3.70609528e+02, 1.77898117e+02, 3.94173950e+02,
       1.78420959e+02, 2.13550705e+02, 1.97727707e+02, 2.34703445e+02,
       1.98175735e+02, 2.56361633e+02, 1.98503830e+02, 2.78653564e+02,
       1.99008316e+02, 3.00992920e+02, 1.99398636e+02, 3.23638092e+02,
       2.00088257e+02, 3.46815918e+02, 2.00626205e+02, 3.69981506e+02,
       2.01260162e+02, 3.93377167e+02, 2.01738556e+02, 2.13051727e+02,
       2.20148697e+02, 2.34126419e+02, 2.20663589e+02, 2.55684784e+02,
       2.21296844e+02, 2.77979095e+02, 2.21861557e+02, 3.00295197e+02,
       2.22479752e+02, 3.22777985e+02, 2.23354584e+02, 3.46114014e+02,
       2.23957550e+02, 3.69326172e+02, 2.24530075e+02, 3.92631042e+02,
       2.25365845e+02, 2.12502151e+02, 2.42197220e+02, 2.33548187e+02,
       2.43035019e+02, 2.55222305e+02, 2.43772186e+02, 2.77245911e+02,
       2.44510590e+02, 2.99457916e+02, 2.45342499e+02, 3.22126282e+02,
       2.46342987e+02, 3.45244354e+02, 2.47034653e+02, 3.68295837e+02,
       2.47716736e+02, 3.91699432e+02, 2.48654602e+02, 2.12050171e+02,
       2.64319580e+02, 2.33129501e+02, 2.65228943e+02, 2.54563171e+02,
       2.66379700e+02, 2.76551239e+02, 2.67214783e+02, 2.98830109e+02,
       2.68162659e+02, 3.21548584e+02, 2.69213318e+02, 3.44433990e+02,
       2.70060028e+02, 3.67597656e+02, 2.71000458e+02, 3.90717377e+02,
       2.72062103e+02, 2.00461166e+02, 2.20491379e+02, 2.23863525e+02,
       2.16388626e+02, 2.47539154e+02, 2.12354172e+02, 2.71511475e+02,
       2.08154556e+02, 2.95701294e+02, 2.04070129e+02, 3.19834808e+02,
       1.99853821e+02, 3.44414978e+02, 1.95644592e+02, 3.68801270e+02,
       1.91524719e+02, 3.93294006e+02, 1.87371445e+02, 2.04915329e+02,
       2.44216187e+02, 2.28317307e+02, 2.40288757e+02, 2.51865875e+02,
       2.36287598e+02, 2.75938599e+02, 2.32343246e+02, 2.99876709e+02,
       2.28272629e+02, 3.24203949e+02, 2.24275787e+02, 3.48567383e+02,
       2.20116623e+02, 3.72921265e+02, 2.15950623e+02, 3.97291260e+02,
       2.11937622e+02, 2.09449539e+02, 2.67680603e+02, 2.32643555e+02,
       2.64113800e+02, 2.56319122e+02, 2.60286224e+02, 2.80248901e+02,
       2.56242920e+02, 3.04238281e+02, 2.52450073e+02, 3.28269318e+02,
       2.48486557e+02, 3.52698486e+02, 2.44441101e+02, 3.76833618e+02,
       2.40468292e+02, 4.01267395e+02, 2.36355789e+02, 2.13982285e+02,
       2.91232697e+02, 2.37167282e+02, 2.87550995e+02, 2.60578064e+02,
       2.84102905e+02, 2.84514160e+02, 2.80246582e+02, 3.08332397e+02,
       2.76396179e+02, 3.32427673e+02, 2.72587982e+02, 3.56568268e+02,
       2.68605103e+02, 3.80886627e+02, 2.64636322e+02, 4.04852509e+02,
       2.60798584e+02, 2.18452103e+02, 3.14275818e+02, 2.41538574e+02,
       3.10696289e+02, 2.64866943e+02, 3.07376465e+02, 2.88551575e+02,
       3.03703491e+02, 3.12485199e+02, 3.00026031e+02, 3.36258942e+02,
       2.96211578e+02, 3.60509674e+02, 2.92401825e+02, 3.84497345e+02,
       2.88605804e+02, 4.08417633e+02, 2.84546204e+02, 2.22877228e+02,
       3.36980682e+02, 2.45849731e+02, 3.33595276e+02, 2.69155060e+02,
       3.30237885e+02, 2.92773407e+02, 3.26863953e+02, 3.16344116e+02,
       3.23315216e+02, 3.40149689e+02, 3.19516510e+02, 3.64109253e+02,
       3.15732361e+02, 3.87929352e+02, 3.12112244e+02, 4.11858337e+02,
       3.08202545e+02, 2.20708649e+02, 1.42084717e+02, 2.46661865e+02,
       1.44593124e+02, 2.72610779e+02, 1.47271881e+02, 2.98617126e+02,
       1.49881332e+02, 3.24519592e+02, 1.52601807e+02, 3.50305328e+02,
       1.55453140e+02, 3.76010803e+02, 1.58316406e+02, 4.01446503e+02,
       1.61219269e+02, 4.26593292e+02, 1.64029160e+02, 2.18455048e+02,
       1.68385834e+02, 2.44229080e+02, 1.70871201e+02, 2.70092926e+02,
       1.73416840e+02, 2.95976349e+02, 1.75947586e+02, 3.21694153e+02,
       1.78587540e+02, 3.47426758e+02, 1.81356812e+02, 3.73106201e+02,
       1.84090454e+02, 3.98427094e+02, 1.86728226e+02, 4.23386475e+02,
       1.89488205e+02, 2.16139023e+02, 1.94540802e+02, 2.41723679e+02,
       1.97057068e+02, 2.67508057e+02, 1.99517441e+02, 2.93352173e+02,
       2.01937592e+02, 3.19043854e+02, 2.04499313e+02, 3.44581909e+02,
       2.07128616e+02, 3.70275360e+02, 2.09690704e+02, 3.95443604e+02,
       2.12354233e+02, 4.20233154e+02, 2.14819458e+02, 2.14195389e+02,
       2.20563599e+02, 2.39545914e+02, 2.22959930e+02, 2.65076691e+02,
       2.25406555e+02, 2.90792542e+02, 2.27740234e+02, 3.16422150e+02,
       2.30276245e+02, 3.41783112e+02, 2.32671326e+02, 3.67358673e+02,
       2.35241501e+02, 3.92480316e+02, 2.37635101e+02, 4.17144043e+02,
       2.39863739e+02, 2.12547180e+02, 2.46060410e+02, 2.37828461e+02,
       2.48406860e+02, 2.63185150e+02, 2.50833328e+02, 2.88592438e+02,
