%YAML 1.0
---
calibration_time: "Fri Jan 20 15:18:08 2017"
nframes: 10
image_width: 640
image_height: 480
board_width: 9
board_height: 6
square_size: 2.6200000196695328e-02
aspectRatio: 1.
flags: 2
camera_matrix: !!opencv-matrix
   rows: 3
   cols: 3
   dt: d
   data: [ 5.2635087071048406e+02, 0., 3.2723490849066940e+02, 0.,
       5.2635087071048406e+02, 2.4084511765093885e+02, 0., 0., 1. ]
distortion_coefficients: !!opencv-matrix
   rows: 5
   cols: 1
   dt: d
   data: [ -1.8431698816484277e-01, 2.6105214608792082e-01,
       -5.5760590712964459e-04, 6.9323128245666146e-04,
       -2.3236278657453918e-01 ]
avg_reprojection_error: 3.4783258021360752e-01
per_view_reprojection_errors: !!opencv-matrix
   rows: 10
   cols: 1
   dt: f
   data: [ 2.88116843e-01, 2.34829366e-01, 5.36803424e-01,
       1.55412838e-01, 4.28988278e-01, 2.30105698e-01, 4.62015450e-01,
       3.91349316e-01, 1.79177269e-01, 3.51725996e-01 ]
extrinsic_parameters: !!opencv-matrix
   rows: 10
   cols: 6
   dt: d
   data: [ -4.2931728940395486e-03, -9.7914510795995821e-02,
       -7.2584431662870152e-02, -1.2313912815150603e-01,
       -4.9266312887654269e-02, 2.7433222569947713e-01,
       2.2854831108691863e-03, -1.5284440845542893e-01,
       1.0468696014516258e-02, -1.0132655156307614e-01,
       -3.3732782362186804e-02, 2.7835364142232100e-01,
       -4.0838784184906343e-02, -1.0737003297451381e-01,
       -3.1448367306751428e-02, -1.2450198357162609e-01,
       -5.8672342344593557e-02, 2.8447991599651079e-01,
       -3.5261975313752483e-02, -1.2956344027739827e-01,
       -9.4143309624480434e-02, -1.4277347615826011e-01,
       -1.0088030393359568e-01, 2.7874652640940611e-01,
       5.5498672312733706e-02, -3.1216691381170852e-01,
       -6.8669197620299424e-02, -1.0534695620974149e-01,
       -6.9361600779979812e-02, 2.5315992193091363e-01,
       1.5575962119650691e-01, -4.8830846302701697e-01,
       -8.4594884801606401e-02, -8.1059446000141783e-02,
       -3.8055114762519694e-02, 2.2351350062128694e-01,
       1.1776633075721089e-01, -2.5455165128070911e-01,
       -2.5110322032171323e-01, -1.2357453430196241e-01,
       -4.6050253760898385e-02, 2.4093230195006210e-01,
       8.0006752772733211e-03, 9.1913798210178546e-02,
       -2.4453619463922668e-01, -1.5021378371595304e-01,
       -4.5222967173772298e-02, 2.7333651412403259e-01,
       -1.1660259921605187e-01, 3.0333789704407504e-01,
       -1.5058027169608751e-01, -1.3112302459452330e-01,
       -7.3230667872371591e-02, 3.2859395115222578e-01,
       -2.3362498217938149e-01, 2.3141460356761889e-01,
       -1.8532794630176005e-01, -1.2914655168466307e-01,
       -6.4109522831904478e-02, 3.0863439020594907e-01 ]
image_points: !!opencv-matrix
   rows: 10
   cols: 54
   dt: "2f"
   data: [ 9.91905899e+01, 1.49412247e+02, 1.47427139e+02,
       1.45922073e+02, 1.95852905e+02, 1.42489624e+02, 2.44441360e+02,
       1.39320145e+02, 2.92486542e+02, 1.36452866e+02, 3.39771454e+02,
       1.33896713e+02, 3.86780670e+02, 1.31627609e+02, 4.32170990e+02,
       1.29639694e+02, 4.76124451e+02, 1.27707863e+02, 1.01754143e+02,
       1.97740311e+02, 1.50119568e+02, 1.94137115e+02, 1.98618973e+02,
       1.90565155e+02, 2.47373688e+02, 1.87283356e+02, 2.95657715e+02,
       1.84119400e+02, 3.43323181e+02, 1.81169434e+02, 3.90341522e+02,
       1.78319305e+02, 4.35817902e+02, 1.75630081e+02, 4.79700775e+02,
       1.73261978e+02, 1.04792267e+02, 2.46563553e+02, 1.53192841e+02,
       2.43033478e+02, 2.01716202e+02, 2.39310120e+02, 2.50486404e+02,
       2.35782043e+02, 2.98980499e+02, 2.32391373e+02, 3.46778381e+02,
       2.28938873e+02, 3.93708160e+02, 2.25517441e+02, 4.39248932e+02,
       2.22256516e+02, 4.83407532e+02, 2.19187439e+02, 1.08362167e+02,
       2.95525879e+02, 1.56657379e+02, 2.91977051e+02, 2.05219345e+02,
       2.88347656e+02, 2.54004074e+02, 2.84532074e+02, 3.02343140e+02,
       2.80814240e+02, 3.50144684e+02, 2.76957245e+02, 3.97051819e+02,
       2.72988922e+02, 4.42461761e+02, 2.69325531e+02, 4.86648895e+02,
       2.65420776e+02, 1.12533211e+02, 3.43865173e+02, 1.60693146e+02,
       3.40369324e+02, 2.09178146e+02, 3.36478394e+02, 2.57730011e+02,
       3.32597504e+02, 3.05855347e+02, 3.28592865e+02, 3.53304382e+02,
       3.24329742e+02, 4.00263916e+02, 3.19936432e+02, 4.45353210e+02,
       3.15503204e+02, 4.89476563e+02, 3.11053497e+02, 1.16695885e+02,
       3.91781952e+02, 1.64869705e+02, 3.88040161e+02, 2.13186951e+02,
       3.84244019e+02, 2.61595337e+02, 3.80193481e+02, 3.09457733e+02,
       3.75665253e+02, 3.56511353e+02, 3.71168884e+02, 4.03149963e+02,
       3.66394470e+02, 4.48123413e+02, 3.61390045e+02, 4.91843964e+02,
       3.56292480e+02, 1.40162140e+02, 1.78363052e+02, 1.88598434e+02,
       1.79203949e+02, 2.36778717e+02, 1.80270950e+02, 2.84579224e+02,
       1.81282578e+02, 3.31182953e+02, 1.82386185e+02, 3.76486816e+02,
       1.83689819e+02, 4.20664734e+02, 1.85055344e+02, 4.62713318e+02,
       1.86506378e+02, 5.03523163e+02, 1.87841446e+02, 1.39412003e+02,
       2.26768936e+02, 1.87906952e+02, 2.27287537e+02, 2.36314377e+02,
       2.27887833e+02, 2.84170746e+02, 2.28481812e+02, 3.30714264e+02,
       2.29159607e+02, 3.76183960e+02, 2.29682159e+02, 4.20419403e+02,
       2.30288300e+02, 4.62502960e+02, 2.30886307e+02, 5.03103729e+02,
       2.31544174e+02, 1.39138641e+02, 2.75377106e+02, 1.87594040e+02,
       2.75627167e+02, 2.35921524e+02, 2.75814972e+02, 2.83698639e+02,
       2.76026154e+02, 3.30367554e+02, 2.76036377e+02, 3.75660034e+02,
       2.75980347e+02, 4.19725098e+02, 2.75770203e+02, 4.61951141e+02,
       2.75549377e+02, 5.02435852e+02, 2.75393158e+02, 1.39218521e+02,
       3.23806244e+02, 1.87605103e+02, 3.23756256e+02, 2.35703720e+02,
       3.23602509e+02, 2.83413849e+02, 3.23368378e+02, 3.29735596e+02,
       3.22746796e+02, 3.75062134e+02, 3.22048950e+02, 4.18916748e+02,
       3.21154480e+02, 4.61267212e+02, 3.20249268e+02, 5.01571106e+02,
       3.19112579e+02, 1.39536316e+02, 3.71338989e+02, 1.87729233e+02,
       3.70926880e+02, 2.35688568e+02, 3.70352692e+02, 2.82969910e+02,
       3.69562317e+02, 3.29376160e+02, 3.68487549e+02, 3.74146698e+02,
       3.67156586e+02, 4.18109741e+02, 3.65549866e+02, 4.59838867e+02,
       3.63926819e+02, 5.00383087e+02, 3.62115723e+02, 1.40301987e+02,
       4.18123199e+02, 1.88234116e+02, 4.17421814e+02, 2.35754959e+02,
       4.16338654e+02, 2.82637543e+02, 4.15157043e+02, 3.28559753e+02,
       4.13405457e+02, 3.73311707e+02, 4.11556458e+02, 4.16723206e+02,
       4.09411194e+02, 4.58615875e+02, 4.07018372e+02, 4.98857697e+02,
       4.04547607e+02, 1.04852875e+02, 1.35179047e+02, 1.51444885e+02,
       1.33995300e+02, 1.98259537e+02, 1.32930405e+02, 2.44925903e+02,
       1.32089737e+02, 2.91159576e+02, 1.31365143e+02, 3.36717682e+02,
       1.30971741e+02, 3.81758270e+02, 1.30791855e+02, 4.25333313e+02,
       1.30851105e+02, 4.67717896e+02, 1.31047012e+02, 1.04967522e+02,
       1.81692352e+02, 1.51805496e+02, 1.80372086e+02, 1.98791183e+02,
       1.79170105e+02, 2.45915634e+02, 1.78085403e+02, 2.92511047e+02,
       1.77128967e+02, 3.38500763e+02, 1.76294586e+02, 3.83871918e+02,
       1.75653854e+02, 4.27704132e+02, 1.75206589e+02, 4.70247467e+02,
       1.74871185e+02, 1.05430534e+02, 2.29067688e+02, 1.52492401e+02,
       2.27705826e+02, 1.99628677e+02, 2.26324493e+02, 2.47043381e+02,
       2.25057800e+02, 2.93953583e+02, 2.23761871e+02, 3.40271820e+02,
       2.22569885e+02, 3.85841003e+02, 2.21461792e+02, 4.29891418e+02,
       2.20392715e+02, 4.72597900e+02, 2.19426682e+02, 1.06356804e+02,
       2.77087891e+02, 1.53555450e+02, 2.75639862e+02, 2.00900009e+02,
       2.74247955e+02, 2.48443420e+02, 2.72743134e+02, 2.95503021e+02,
       2.71198883e+02, 3.41870514e+02, 2.69563049e+02, 3.87581512e+02,
       2.67897369e+02, 4.31820618e+02, 2.66265717e+02, 4.74581024e+02,
       2.64598480e+02, 1.07606071e+02, 3.24706604e+02, 1.54947098e+02,
