%YAML 1.0
---
calibration_time: "Tue Feb 28 16:03:02 2017"
nframes: 10
image_width: 640
image_height: 480
board_width: 9
board_height: 6
square_size: 2.6200000196695328e-02
aspectRatio: 1.
flags: 2
camera_matrix: !!opencv-matrix
   rows: 3
   cols: 3
   dt: d
   data: [ 3.4400037764364924e+02, 0., 3.0462982309681166e+02, 0.,
       3.4400037764364924e+02, 2.3638099348377617e+02, 0., 0., 1. ]
distortion_coefficients: !!opencv-matrix
   rows: 5
   cols: 1
   dt: d
   data: [ -7.0588584917431293e-02, 2.1978705051962966e-02,
       -3.1925136694895308e-03, 1.0407506881266310e-03, 0. ]
avg_reprojection_error: 3.7712067627991519e-01
per_view_reprojection_errors: !!opencv-matrix
   rows: 10
   cols: 1
   dt: f
   data: [ 1.68731481e-01, 1.86332032e-01, 3.82861316e-01,
       5.39465904e-01, 3.74221087e-01, 3.57032627e-01, 1.54660702e-01,
       4.76989537e-01, 5.17354727e-01, 3.67144763e-01 ]
extrinsic_parameters: !!opencv-matrix
   rows: 10
   cols: 6
   dt: d
   data: [ 6.5802154730917509e-02, -9.9606065522158393e-02,
       4.9385707038192193e-02, -7.6672332476395433e-02,
       -1.1673072178569560e-01, 2.6908579142640027e-01,
       -1.3146213534712486e-02, -4.5370789869594207e-04,
       6.2028488527404231e-02, -1.4201500493778677e-01,
       -9.0127931910023995e-02, 3.0233965407271080e-01,
       3.7755791789145496e-02, 1.0588425104538660e-01,
       -2.4498991137451298e-02, -9.3338404641614359e-02,
       -1.2878931660784212e-01, 2.4760552337098865e-01,
       5.1013531112163099e-02, -2.3520513600185346e-02,
       7.2433878104273958e-02, -3.0354731737773668e-02,
       -8.1240136523846582e-02, 2.2770906019647602e-01,
       3.5802951556726803e-02, -1.5292294812453747e-01,
       9.2276942023273620e-02, -1.0870230980644176e-01,
       -8.9582325779576200e-02, 2.2170591082866253e-01,
       7.3313119379513167e-02, -5.4264223420391042e-02,
       1.1051639070807250e-01, -6.9734713710702514e-02,
       -7.4682266060856428e-02, 3.1241407719418252e-01,
       -1.2608839818084984e-02, -6.2757268194947105e-02,
       -1.1416980591037637e-01, -1.4948530719449621e-01,
       -9.8822762661792712e-02, 3.9168914959153261e-01,
       -1.8614193458109187e-02, 2.4989607331558323e-02,
       -4.9080173293293144e-01, -6.1024621648077419e-02,
       -3.7638394739391082e-02, 3.5735222196863520e-01,
       -4.1185354379712283e-02, 5.8203659967380715e-02,
       -6.5813870910466310e-02, -7.3805215969243318e-02,
       -9.9518362069411587e-02, 3.9224241263940740e-01,
       3.3060637070264159e-02, 4.9431892843863789e-02,
       -8.4118003140070979e-02, -1.5091854815809008e-01,
       -9.4804688184297131e-02, 3.5667699516736484e-01 ]
image_points: !!opencv-matrix
   rows: 10
   cols: 54
   dt: "2f"
   data: [ 2.08278763e+02, 8.92951202e+01, 2.41442734e+02,
       9.16857300e+01, 2.74229675e+02, 9.43405075e+01, 3.06491119e+02,
       9.70334015e+01, 3.38244873e+02, 9.97041473e+01, 3.69308716e+02,
       1.02566353e+02, 3.99855469e+02, 1.05537773e+02, 4.29117706e+02,
       1.08613182e+02, 4.57862701e+02, 1.11656181e+02, 2.06661621e+02,
       1.22243988e+02, 2.39768021e+02, 1.24417694e+02, 2.72536224e+02,
       1.26894089e+02, 3.04734314e+02, 1.29459549e+02, 3.36474487e+02,
       1.31793472e+02, 3.67485596e+02, 1.34314011e+02, 3.97896759e+02,
       1.36753525e+02, 4.27203491e+02, 1.39409424e+02, 4.55710144e+02,
       1.42051285e+02, 2.05263443e+02, 1.55547333e+02, 2.38213226e+02,
       1.57585251e+02, 2.70909912e+02, 1.59386169e+02, 3.03033875e+02,
       1.61586945e+02, 3.34557037e+02, 1.63913605e+02, 3.65612061e+02,
       1.66070343e+02, 3.95940186e+02, 1.68183884e+02, 4.25281219e+02,
       1.70405273e+02, 4.53843201e+02, 1.72689850e+02, 2.03942581e+02,
       1.88625229e+02, 2.36737762e+02, 1.90324234e+02, 2.69292297e+02,
       1.92340515e+02, 3.01361755e+02, 1.93973221e+02, 3.32779510e+02,
       1.95778702e+02, 3.63644897e+02, 1.97714920e+02, 3.93733856e+02,
       1.99396530e+02, 4.23377258e+02, 2.01353668e+02, 4.51798126e+02,
       2.03373001e+02, 2.02709671e+02, 2.21284561e+02, 2.35419449e+02,
       2.22679306e+02, 2.67764618e+02, 2.24326538e+02, 2.99663239e+02,
       2.25770401e+02, 3.31041901e+02, 2.27297699e+02, 3.61578888e+02,
       2.28796829e+02, 3.91715118e+02, 2.30230042e+02, 4.21197174e+02,
       2.31798325e+02, 4.49150879e+02, 2.33121140e+02, 2.01716293e+02,
       2.53414108e+02, 2.34223740e+02, 2.54878647e+02, 2.66236694e+02,
       2.56008331e+02, 2.98105133e+02, 2.57406555e+02, 3.29114532e+02,
       2.58500488e+02, 3.59536194e+02, 2.59520081e+02, 3.89493134e+02,
       2.60755493e+02, 4.18501312e+02, 2.61700653e+02, 4.46605408e+02,
       2.62898895e+02, 1.46389740e+02, 1.35434280e+02, 1.74849030e+02,
       1.36688187e+02, 2.03863846e+02, 1.38363693e+02, 2.33088638e+02,
       1.39908142e+02, 2.62329956e+02, 1.41482651e+02, 2.91827271e+02,
       1.43358017e+02, 3.21678223e+02, 1.44920792e+02, 3.51142700e+02,
       1.47098190e+02, 3.80719208e+02, 1.49178894e+02, 1.44120712e+02,
       1.64440491e+02, 1.72550629e+02, 1.65957001e+02, 2.01551712e+02,
       1.67422394e+02, 2.30823273e+02, 1.69320206e+02, 2.60378204e+02,
       1.70722839e+02, 2.89989532e+02, 1.72616119e+02, 3.19668304e+02,
       1.74512939e+02, 3.49553497e+02, 1.76317581e+02, 3.79000092e+02,
       1.78469437e+02, 1.41718994e+02, 1.93618820e+02, 1.70252472e+02,
       1.95430222e+02, 1.99274933e+02, 1.97072372e+02, 2.28920959e+02,
       1.98749649e+02, 2.58481781e+02, 2.00638611e+02, 2.87838013e+02,
       2.02248993e+02, 3.18036163e+02, 2.04216354e+02, 3.47572662e+02,
       2.06269073e+02, 3.77389923e+02, 2.07999985e+02, 1.39669281e+02,
       2.23418823e+02, 1.68260437e+02, 2.24909698e+02, 1.97278015e+02,
       2.26806900e+02, 2.27037872e+02, 2.28679214e+02, 2.56348572e+02,
       2.30421844e+02, 2.86157166e+02, 2.32380280e+02, 3.16041626e+02,
       2.34304382e+02, 3.45775085e+02, 2.35949219e+02, 3.75625946e+02,
       2.38001755e+02, 1.37974747e+02, 2.52624771e+02, 1.66711807e+02,
       2.54604126e+02, 1.95575714e+02, 2.56299316e+02, 2.24916718e+02,
       2.58345734e+02, 2.54492294e+02, 2.60349792e+02, 2.84289734e+02,
       2.62057526e+02, 3.14207428e+02, 2.64021027e+02, 3.44025116e+02,
       2.65856201e+02, 3.73531250e+02, 2.67529449e+02, 1.36312180e+02,
       2.81810913e+02, 1.64846863e+02, 2.83950989e+02, 1.93719055e+02,
       2.86070251e+02, 2.23426529e+02, 2.87934631e+02, 2.52811462e+02,
       2.89903900e+02, 2.82356293e+02, 2.91957001e+02, 3.12392426e+02,
       2.93611084e+02, 3.42057709e+02, 2.95530060e+02, 3.71632690e+02,
       2.97471252e+02, 1.77785721e+02, 6.09013596e+01, 2.11632370e+02,
       5.77219009e+01, 2.46809067e+02, 5.44413338e+01, 2.83070862e+02,
       5.15089912e+01, 3.20021973e+02, 4.86057968e+01, 3.57765289e+02,
       4.57185478e+01, 3.96521088e+02, 4.31193810e+01, 4.35750092e+02,
       4.10172768e+01, 4.75582214e+02, 3.86653671e+01, 1.78702621e+02,
       9.65128784e+01, 2.12527405e+02, 9.35658417e+01, 2.47492905e+02,
       9.07498169e+01, 2.84083710e+02, 8.82577744e+01, 3.20962067e+02,
       8.56556931e+01, 3.58740997e+02, 8.31847305e+01, 3.97687408e+02,
       8.09755859e+01, 4.36726715e+02, 7.91880188e+01, 4.76470215e+02,
       7.73281021e+01, 1.79572708e+02, 1.32113983e+02, 2.13316116e+02,
       1.29623260e+02, 2.48389679e+02, 1.27370445e+02, 2.84966614e+02,
       1.25387093e+02, 3.22014923e+02, 1.23259460e+02, 3.59645325e+02,
       1.21015556e+02, 3.98736328e+02, 1.19305336e+02, 4.37983185e+02,
       1.17419266e+02, 4.77633270e+02, 1.15831604e+02, 1.81157333e+02,
       1.67998795e+02, 2.14535904e+02, 1.66087845e+02, 2.49506424e+02,
       1.64281113e+02, 2.86110718e+02, 1.62605453e+02, 3.22914063e+02,
       1.60790604e+02, 3.60830963e+02, 1.59124329e+02, 3.99601379e+02,
       1.57717102e+02, 4.38839691e+02, 1.56245758e+02, 4.78627228e+02,
       1.54868576e+02, 1.82302994e+02, 2.03537949e+02, 2.16158661e+02,
       2.02224777e+02, 2.50600601e+02, 2.00881027e+02, 2.87144745e+02,
